1 65049236176371145894702986385049850552016742129063485652696106182606560254881
2 74643203797202391108615327040865070767529311311081219804583390795823631865431
3 62684907886110081020805136892524183196581490317293572563332369140191928240987
4 67727509573500334888399877178144856401505786660544875767632145732326617804633
5 78970550300004213973922647061975111418225121581621678305907787961948865063419
6 72776793092036983880163465400701301562328725790001251032707505749454619985303
7 74820620871968055603812475843624761032767762635893910845327830293268202777789
8 69748029626005696560764544672135481364224533856776998891611326612017370867961
9 98463993767629679834649881041027953647586573537273090300747122802918375337771
10 100859790074457302264848307934043428890699494471220289771038431407869449729603
11 74874295695803214660157330913035215503187216861417731267778863726464185393941
12 68777179978861988153877178623818072108746977783662300219478788855200982696497
