1 1389984631901860895318087191551357536530495967001772485388382017856790784888606803762515726081749716106619057101
2 1895479463486560583308028816431689431518102880203545216051750780300488897932797963140729859622599650122576254683
3 2110411744793643329979667954539693734275091684245283317632097580344640637008812762237323568132824021851725452299
4 1367994653676627269803336473862412959055490572443632899513925046145475131400131810934966911946299048272795888999
5 1871899374478824320376871525556823837821385854719466624708210360929297571415320615520930108459666711172175445979
6 1453941140687555443095930474119477676123023791578945244798679699647904336201515894765213166235911631024466548677
7 1425650767050951136825264852993225651403107266470910826929797259945602564245097037889748637643526211876168957289
8 1609902115699290001028218409077779993392461259000784382788886715883371835578252647789525967506198258803040782379
9 1320806285236340902129211311793700023796006957678737572143209198070073029825917365570807078707944184940205975953
10 1374722025657884207655348415637171101881839906827111138851428822474692280817365214274191773311583519134974148207
11 1769080384205176353559905977173997108520925465269416162990413455224684798945850365548675389225960215437598779753
12 1438695178032547208907395225808546025980214699504630707394261127703000157793721960266530667655679484018934876929
13 1471786542533370701909360636240905651982599925441742476926101698248685585112269632410750217826714526721457354069
